25
Phy003I7ZJ_CHICK  0.0000000 0.0296125 0.1870060 0.1619988 0.1055483 0.1800529 0.1835108 0.1560712 0.2031901 0.1596514 0.1934418 0.2051351 0.2410528 0.1317707 0.1621291 0.1296992 0.1499631 0.2500534 0.2411654 0.2827962 0.1678996 0.2043368 0.2255078 0.1628357 0.3362076 
Phy0054BO3_MELGA  0.0296125 0.0000000 0.1559355 0.1578013 0.1166821 0.1787011 0.1718297 0.1695649 0.2144193 0.1760222 0.1971010 0.2093427 0.2481617 0.1317206 0.1776862 0.1409737 0.1617435 0.2581052 0.2370204 0.2218879 0.1521444 0.2121308 0.2349976 0.1862814 0.3448994 
Phy00508FR_NIPNI  0.1870060 0.1559355 0.0000000 0.0685939 0.1382723 0.1097863 0.1018293 0.1376373 0.1374480 0.0782558 0.1128203 0.1292699 0.1432984 0.0654846 0.0948702 0.0626497 0.0733464 0.1999003 0.1486399 0.2073563 0.0735077 0.0924833 0.0916059 0.0614822 0.2488625 
Phy004O1E0_APTFO  0.1619988 0.1578013 0.0685939 0.0000000 0.1286130 0.0944777 0.1020999 0.1275726 0.1206989 0.0656098 0.0916309 0.1034948 0.1517863 0.0542588 0.0770241 0.0554665 0.0657837 0.1882444 0.1739843 0.1880397 0.0554097 0.0412873 0.1187434 0.0515233 0.2391120 
Phy004PA1B_ANAPL  0.1055483 0.1166821 0.1382723 0.1286130 0.0000000 0.1571407 0.1614893 0.1326355 0.1840661 0.1610505 0.1774452 0.1969757 0.2242868 0.1016376 0.1421889 0.0902343 0.1165368 0.2340710 0.2219613 0.1922469 0.1264054 0.1832533 0.2024445 0.1497780 0.3135264 
Phy004TLNA_APAVI  0.1800529 0.1787011 0.1097863 0.0944777 0.1571407 0.0000000 0.1601060 0.1479123 0.1208900 0.1203228 0.1392521 0.1767029 0.1690634 0.0901300 0.1038276 0.0852222 0.0797550 0.2317532 0.1881190 0.1697007 0.1041151 0.1395399 0.1335051 0.0942867 0.2356832 
Phy004OLZM_COLLI  0.1835108 0.1718297 0.1018293 0.1020999 0.1614893 0.1601060 0.0000000 0.1728095 0.1839219 0.1165974 0.1546414 0.1777156 0.1865149 0.0163471 0.1368256 0.0861137 0.1151359 0.2148690 0.1631475 0.2025783 0.1071237 0.1374261 0.1558688 0.1112466 0.2887336 
Phy004OQ34_STRCA  0.1560712 0.1695649 0.1376373 0.1275726 0.1326355 0.1479123 0.1728095 0.0000000 0.1950287 0.1520960 0.1939093 0.2159547 0.2301021 0.1243665 0.1506911 0.1145914 0.1249647 0.2746026 0.2332030 0.2314496 0.1347265 0.1688864 0.2130132 0.1619872 0.3731995 
Phy00527O5_PICPB  0.2031901 0.2144193 0.1374480 0.1206989 0.1840661 0.1208900 0.1839219 0.1950287 0.0000000 0.1443508 0.1837179 0.1824128 0.2414311 0.1169018 0.1429704 0.1122057 0.1062563 0.2409814 0.2008516 0.1654850 0.1293639 0.1881243 0.1994587 0.1493274 0.3205711 
Phy004STVX_187382 0.1596514 0.1760222 0.0782558 0.0656098 0.1610505 0.1203228 0.1165974 0.1520960 0.1443508 0.0000000 0.1179616 0.1440910 0.1876406 0.0758780 0.1147746 0.0962435 0.0875474 0.2130858 0.1849525 0.1684055 0.0863817 0.1111747 0.1288510 0.0970526 0.2562331 
Phy004UIZ8_CALAN  0.1934418 0.1971010 0.1128203 0.0916309 0.1774452 0.1392521 0.1546414 0.1939093 0.1837179 0.1179616 0.0000000 0.1506258 0.2260255 0.0969553 0.1222937 0.0982078 0.0987593 0.2489367 0.2354896 0.1982952 0.1143832 0.1617062 0.1818112 0.1376576 0.3640913 
Phy004SNJQ_CHAVO  0.2051351 0.2093427 0.1292699 0.1034948 0.1969757 0.1767029 0.1777156 0.2159547 0.1824128 0.1440910 0.1506258 0.0000000 0.2384938 0.1143293 0.1452427 0.1136413 0.1206792 0.2716503 0.2189752 0.2001645 0.1266147 0.1771184 0.1870477 0.1528355 0.3481754 
Phy0050IUO_OPIHO  0.2410528 0.2481617 0.1432984 0.1517863 0.2242868 0.1690634 0.1865149 0.2301021 0.2414311 0.1876406 0.2260255 0.2384938 0.0000000 0.0779935 0.1769621 0.0670734 0.1046326 0.3245661 0.2089508 0.2196560 0.1626971 0.2146196 0.2332800 0.2222116 0.2584321 
Phy004OLZN_COLLI  0.1317707 0.1317206 0.0654846 0.0542588 0.1016376 0.0901300 0.0163471 0.1243665 0.1169018 0.0758780 0.0969553 0.1143293 0.0779935 0.0000000 0.0785175 0.0897180 0.1028444 0.2006954 0.1026955 0.1096175 0.0932175 0.1034860 0.1092821 0.1050897 0.1846463 
Phy004W8WI_FALPE  0.1621291 0.1776862 0.0948702 0.0770241 0.1421889 0.1038276 0.1368256 0.1506911 0.1429704 0.1147746 0.1222937 0.1452427 0.1769621 0.0785175 0.0000000 0.0233228 0.0807652 0.2152745 0.1740708 0.1477577 0.0890516 0.1320395 0.1334028 0.0975110 0.2994568 
Phy004W8WJ_FALPE  0.1296992 0.1409737 0.0626497 0.0554665 0.0902343 0.0852222 0.0861137 0.1145914 0.1122057 0.0962435 0.0982078 0.1136413 0.0670734 0.0897180 0.0233228 0.0000000 0.0846088 0.1699555 0.0904389 0.1098065 0.0643060 0.1020748 0.0942668 0.0594166 0.1494518 
Phy004U0LB_BUCRH  0.1499631 0.1617435 0.0733464 0.0657837 0.1165368 0.0797550 0.1151359 0.1249647 0.1062563 0.0875474 0.0987593 0.1206792 0.1046326 0.1028444 0.0807652 0.0846088 0.0000000 0.1639546 0.1006196 0.1048143 0.0925164 0.1360802 0.0931430 0.0966953 0.1435602 
Phy004VACL_55661  0.2500534 0.2581052 0.1999003 0.1882444 0.2340710 0.2317532 0.2148690 0.2746026 0.2409814 0.2130858 0.2489367 0.2716503 0.3245661 0.2006954 0.2152745 0.1699555 0.1639546 0.0000000 0.2849859 0.2456480 0.2192177 0.2441293 0.2768700 0.2781353 0.4353483 
Phy004V34S_CORBR  0.2411654 0.2370204 0.1486399 0.1739843 0.2219613 0.1881190 0.1631475 0.2332030 0.2008516 0.1849525 0.2354896 0.2189752 0.2089508 0.1026955 0.1740708 0.0904389 0.1006196 0.2849859 0.0000000 0.1772120 0.1758809 0.2419722 0.1732228 0.2130913 0.3268303 
Phy004Z0OU_MELUD  0.2827962 0.2218879 0.2073563 0.1880397 0.1922469 0.1697007 0.2025783 0.2314496 0.1654850 0.1684055 0.1982952 0.2001645 0.2196560 0.1096175 0.1477577 0.1098065 0.1048143 0.2456480 0.1772120 0.0000000 0.1861503 0.2435602 0.1700198 0.1770696 0.3054551 
Phy004Y35P_HALLE  0.1678996 0.1521444 0.0735077 0.0554097 0.1264054 0.1041151 0.1071237 0.1347265 0.1293639 0.0863817 0.1143832 0.1266147 0.1626971 0.0932175 0.0890516 0.0643060 0.0925164 0.2192177 0.1758809 0.1861503 0.0000000 0.0936277 0.1139107 0.0000010 0.2486190 
Phy00535AU_PYGAD  0.2043368 0.2121308 0.0924833 0.0412873 0.1832533 0.1395399 0.1374261 0.1688864 0.1881243 0.1111747 0.1617062 0.1771184 0.2146196 0.1034860 0.1320395 0.1020748 0.1360802 0.2441293 0.2419722 0.2435602 0.0936277 0.0000000 0.1616225 0.1056813 0.2717721 
Phy004Y9VQ_LEPDC  0.2255078 0.2349976 0.0916059 0.1187434 0.2024445 0.1335051 0.1558688 0.2130132 0.1994587 0.1288510 0.1818112 0.1870477 0.2332800 0.1092821 0.1334028 0.0942668 0.0931430 0.2768700 0.1732228 0.1700198 0.1139107 0.1616225 0.0000000 0.1190021 0.2622688 
Phy004XRVA_HALAL  0.1628357 0.1862814 0.0614822 0.0515233 0.1497780 0.0942867 0.1112466 0.1619872 0.1493274 0.0970526 0.1376576 0.1528355 0.2222116 0.1050897 0.0975110 0.0594166 0.0966953 0.2781353 0.2130913 0.1770696 0.0000010 0.1056813 0.1190021 0.0000000 0.2507598 
Phy004Z7RR_MERNU  0.3362076 0.3448994 0.2488625 0.2391120 0.3135264 0.2356832 0.2887336 0.3731995 0.3205711 0.2562331 0.3640913 0.3481754 0.2584321 0.1846463 0.2994568 0.1494518 0.1435602 0.4353483 0.3268303 0.3054551 0.2486190 0.2717721 0.2622688 0.2507598 0.0000000 
